90
26 40 83
49 60 57
13 89 99
26 40 83
49 60 57
13 89 99
26 40 83
49 60 57
13 89 99
26 40 83
49 60 57
13 89 99
26 40 83
49 60 57
13 89 99
26 40 83
49 60 57
13 89 99
26 40 83
49 60 57
13 89 99
26 40 83
49 60 57
13 89 99
26 40 83
49 60 57
13 89 99
26 40 83
49 60 57
13 89 99
26 40 83
49 60 57
13 89 99
26 40 83
49 60 57
13 89 99
26 40 83
49 60 57
13 89 99
26 40 83
49 60 57
13 89 99
26 40 83
49 60 57
13 89 99
26 40 83
49 60 57
13 89 99
26 40 83
49 60 57
13 89 99
26 40 83
49 60 57
13 89 99
26 40 83
49 60 57
13 89 99
26 40 83
49 60 57
13 89 99
26 40 83
49 60 57
13 89 99
26 40 83
49 60 57
13 89 99
26 40 83
49 60 57
13 89 99
26 40 83
49 60 57
13 89 99
26 40 83
49 60 57
13 89 99
26 40 83
49 60 57
13 89 99
26 40 83
49 60 57
13 89 99
26 40 83
49 60 57
13 89 99
26 40 83
49 60 57
13 89 99
26 40 83
49 60 57
13 89 99
